11000010 10001100 00000000 00000000 01000010 00001100
00000000 00000000 11000001 10100000 00000000 00000000
01000001 10100000 00000000 00000000 01000001 11110000
00000000 00000000 00111111 10000000 00000000 00000000
01000010 01001000 00000000 00000000 01000010 01001000
00000000 00000000 01000011 01111111 00000000 00000000
00000000 00000000 00000000 00000000 00000000 00000000
00000000 00000001 00000000 00000000 00000000 00000001
00000000 00000000 00000000 00000000 01000001 10100000
00000000 00000000 01000001 10100000 00000000 00000000
01000010 10000010 00000000 00000000 00000000 00000000
00000000 00000000 01000001 10100000 00000000 00000000
01000010 00110100 00000000 00000000 00111111 10000000
00000000 00000000 00111111 10000000 00000000 00000000
01000011 01111010 00000000 00000000 01000011 00000000
00000000 00000000 01000011 01010010 00000000 00000000
00000000 00000000 00000000 00000000 00000000 00000000
00000000 00000000 00000000 00000000 00000000 00000011
00000000 00000000 00000000 00000001 00000000 00000000
00000000 00000000 01000001 11001000 00000000 00000000
01000010 00100000 00000000 00000000 01000010 10001100
00000000 00000000 00000000 00000000 00000000 00000000
00000000 00000000 00000000 00000000 01000010 00100000
00000000 00000000 00111111 10000000 00000000 00000000
00111111 10000000 00000000 00000000 01000011 01111010
00000000 00000000 01000011 00000000 00000000 00000000
01000011 01010010 00000000 00000000 00000000 00000000
00000000 00000000 00000000 00000000 00000000 00000000
00000000 00000000 00000000 00000011 00000000 00000000
00000000 00000001 00000000 00000000 00000000 00000000
00000000 00000000 00000000 00000000 01000001 11110000
00000000 00000000 01000001 11110000 00000000 00000000
00000000 00000000 00000000 00000000 11000000 10100000
00000000 00000000 00000000 00000000 00000000 00000000
10111111 10000000 00000000 00000000 00111111 10000000
00000000 00000000 01000011 01111010 00000000 00000000
01000011 00000000 00000000 00000000 01000011 01010011
00000000 00000000 00000000 00000000 00000000 00000000
00000000 00000000 00000000 00000000 00000000 00000000
00000000 00000001 00000000 00000000 00000000 00000001
00000000 00000000 00000000 00000000 01000001 10100000
00000000 00000000 01000001 00100000 00000000 00000000
01000001 11110000 00000000 00000000 00000000 00000000
00000000 00000000 11000001 00100000 00000000 00000000
01000010 10100000 00000000 00000000 00111111 10000000
00000000 00000000 00111111 10000000 00000000 00000000
01000011 01111010 00000000 00000000 01000011 00000000
00000000 00000000 01000011 01010011 00000000 00000000
00000000 00000000 00000000 00000000 00000000 00000000
00000000 00000000 00000000 00000000 00000000 00000010
00000000 00000000 00000000 00000001 00000000 00000000
00000000 00000000 00000000 00000000 00000000 00000000
10111111 11000000 00000000 00000000 10111111 10000000
00000000 00000000 00000000 00000000 00000000 00000000
00000000 00000000 00000000 00000000 01000010 01001000
00000000 00000000 00111111 10000000 00000000 00000000
00111111 10000000 00000000 00000000 01000011 01111010
00000000 00000000 01000011 00000000 00000000 00000000
01000011 01010011 00000000 00000000 00000000 00000000
00000000 00000000 00000000 00000000 00000000 00000000
00000000 00000000 00000000 00000001 00000000 00000000
00000000 00000001 00000000 00000000 00000000 00000000
01000001 10110000 00000000 00000000 01000001 11100000
00000000 00000000 01000001 11100000 00000000 00000000
00000000 00000000 00000000 00000000 11000000 10100000
00000000 00000000 00000000 00000000 00000000 00000000
00111111 10000000 00000000 00000000 00111111 10000000
00000000 00000000 01000011 01111010 00000000 00000000
00000000 00000000 00000000 00000000 01000011 01010011
00000000 00000000 01000011 01010011 00000000 00000000
00000000 00000000 00000000 00000000 00000000 00000000
00000000 00000011 00000000 00000000 00000000 00000001
00000000 00000000 00000000 00000000 01000010 00100000
00000000 00000000 01000001 11100000 00000000 00000000
01000001 11100000 00000000 00000000 00000000 00000000
00000000 00000000 11000000 10100000 00000000 00000000
00000000 00000000 00000000 00000000 00111111 10000000
00000000 00000000 00111111 10000000 00000000 00000000
01000011 01111010 00000000 00000000 00000000 00000000
00000000 00000000 01000011 01010011 00000000 00000000
01000011 01010011 00000000 00000000 00000000 00000000
00000000 00000000 00000000 00000000 00000000 00000011
00000000 00000000 00000000 00000001 00000000 00000000
00000000 00000000 00000000 00000000 00000000 00000000
01000001 01110000 00000000 00000000 01000001 01110000
00000000 00000000 00000000 00000000 00000000 00000000
11000000 10100000 00000000 00000000 00000000 00000000
00000000 00000000 10111111 10000000 00000000 00000000
00111111 10000000 00000000 00000000 01000011 01111010
00000000 00000000 00000000 00000000 00000000 00000000
01000011 01010011 00000000 00000000 01000011 01010011
00000000 00000000 00000000 00000000 00000000 00000000
00000000 00000000 00000000 00000011 00000000 00000000
00000000 00000001 00000000 00000000 00000000 00000000
01000001 01110000 00000000 00000000 01000001 11001000
00000000 00000000 01000001 11001000 00000000 00000000
00000000 00000000 00000000 00000000 11000000 10100000
00000000 00000000 01000010 10001100 00000000 00000000
00111111 10000000 00000000 00000000 00111111 10000000
00000000 00000000 01000011 01111010 00000000 00000000
01000011 01010011 00000000 00000000 00000000 00000000
00000000 00000000 00000000 00000000 00000000 00000000
00000000 00000000 00000000 00000000 00000000 00000000
00000000 00000001 00000000 00000000 00000000 00000001
00000000 00000000 00000000 00000000 01000000 10100000
00000000 00000000 01000001 00110000 00000000 00000000
01000010 00110100 00000000 00000000 00000000 00000000
00000000 00000000 01000010 00001100 00000000 00000000
01000010 00100000 00000000 00000000 00111111 10000000
00000000 00000000 00111111 10000000 00000000 00000000
01000011 01111010 00000000 00000000 01000011 01010011
00000000 00000000 01000011 00000000 00000000 00000000
00000000 00000000 00000000 00000000 00000000 00000000
00000000 00000000 00000000 00000000 00000000 00000011
00000000 00000000 00000000 00000001 00000000 00000000
00000000 00000000 01000001 11110000 00000000 00000000
01000010 00110100 00000000 00000000 01000010 10010110
00000000 00000000 00000000 00000000 00000000 00000000
00000000 00000000 00000000 00000000 01000010 00100000
00000000 00000000 00111111 10000000 00000000 00000000
00111111 10000000 00000000 00000000 01000011 01111010
00000000 00000000 01000011 01010011 00000000 00000000
01000011 00000000 00000000 00000000 00000000 00000000
00000000 00000000 00000000 00000000 00000000 00000000
00000000 00000000 00000000 00000001 00000000 00000000
00000000 00000001 00000000 00000000 00000000 00000000
01000001 11001000 00000000 00000000 01000010 00100100
00000000 00000000 01000010 10001100 00000000 00000000
00000000 00000000 00000000 00000000 01000000 10100000
00000000 00000000 01000010 00100000 00000000 00000000
00111111 10000000 00000000 00000000 00111111 10000000
00000000 00000000 01000011 01111010 00000000 00000000
00000000 00000000 00000000 00000000 00000000 00000000
00000000 00000000 00000000 00000000 00000000 00000000
00000000 00000000 00000000 00000001 00000000 00000000
00000000 00000001 00000000 00000000 00000000 00000001
00000000 00000000 00000000 00000000 01000010 11001000
00000000 00000000 01000000 10100000 00000000 00000000
01000011 01001000 00000000 00000000 00000000 00000000
00000000 00000000 11000010 00001100 00000000 00000000
01000011 00010110 00000000 00000000 00111111 10000000
00000000 00000000 00111111 10000000 00000000 00000000
01000011 01111010 00000000 00000000 01000011 01001000
00000000 00000000 01000011 01001000 00000000 00000000
01000011 01001000 00000000 00000000 00000000 00000000
00000000 00000000 00000000 00000000 00000000 00000011
00000000 00000000 00000000 00000001 00000000 00000000
00000000 00000000 01000001 11001000 00000000 00000000
01000001 00100000 00000000 00000000 01000001 00100000
00000000 00000000 00000000 00000000 00000000 00000000
11000000 10100000 00000000 00000000 00000000 00000000
00000000 00000000 00111111 10000000 00000000 00000000
00111111 10000000 00000000 00000000 01000011 01111010
00000000 00000000 01000011 01010011 00000000 00000000
01000011 00000000 00000000 00000000 01000011 00000000
00000000 00000000 00000000 00000000 00000000 00000000
00000000 00000000 00000000 00000011 00000000 00000000
00000000 00000010 00000000 00000000 00000000 00000000
01000001 11001000 00000000 00000000 01000001 10100000
00000000 00000000 01000001 10100000 00000000 00000000
00000000 00000000 00000000 00000000 00000000 00000000
00000000 00000000 01000010 10001100 00000000 00000000
00111111 10000000 00000000 00000000 00111110 10011001
10011001 10011010 00000000 00000000 00000000 00000000
00000000 00000000 00000000 00000000 00000000 00000000
00000000 00000000 01000011 01111111 00000000 00000000
00000000 00000000 00000000 00000010 00000000 00000000
00000000 00000011 00000000 00000000 00000000 00000001
00000000 00000000 00000000 00000000 01000001 10100000
00000000 00000000 01000001 10100000 00000000 00000000
01000001 10100000 00000000 00000000 01000010 11001000
00000000 00000000 01000010 00100000 00000000 00000000
01000010 11110000 00000000 00000000 00111111 10000000
00000000 00000000 00111111 10000000 00000000 00000000
01000011 00010110 00000000 00000000 01000011 01111111
00000000 00000000 01000011 01111111 00000000 00000000
01000011 01111111 00000000 00000000 00000000 00000000
00000000 00000000 00000000 00000000 00000000 00000010
00000000 00000000 00000000 00000010 00000000 00000000
00000000 00000000 00000000 00000000 00000000 00000000
00000000 00000000 00000000 00000000 10111111 10000000
00000000 00000000 00000000 00000000 00000000 00000000
00000000 00000000 00000000 00000000 01000011 01001000
00000000 00000000 00111111 10000000 00000000 00000000
00111110 01001100 11001100 11001101 00000000 00000000
00000000 00000000 01000011 01111111 00000000 00000000
00000000 00000000 00000000 00000000 00000000 00000000
00000000 00000000 11111111 11111111 11111111 11111111
00000000 00000000 00000000 00000000 00000000 00000000
00000000 00000001 00000000 00000000 00000000 00000010
11111111 11111111 11111111 11111111 00000000 00000000
00000000 00000011 00000000 00000000 00000000 00000001
00000000 00000000 00000000 00000100 11111111 11111111
11111111 11111111 00000000 00000000 00000000 00000101
00000000 00000000 00000000 00000110 00000000 00000000
00000000 00000111 11111111 11111111 11111111 11111111
00000000 00000000 00000000 00001000 11111111 11111111
11111111 11111111 00000000 00000000 00000000 00001001
00000000 00000000 00000000 00001010 11111111 11111111
11111111 11111111 00000000 00000000 00000000 00001100
11111111 11111111 11111111 11111111 00000000 00000000
00000000 00001101 11111111 11111111 11111111 11111111
00000000 00000000 00000000 00001110 11111111 11111111
11111111 11111111 00000000 00000000 00000000 00001111
11111111 11111111 11111111 11111111 00000000 00000000
00000000 00010000 11111111 11111111 11111111 11111111
11111111 11111111 11111111 11111111 00000000 00000000
00000000 00001011 00000000 00000000 00000000 00000000
00000000 00000000 00000000 00000001 00000000 00000000
00000000 00000010 00000000 00000000 00000000 00000011
00000000 00000000 00000000 00000100 00000000 00000000
00000000 00000110 11111111 11111111 11111111 11111111
00000000 00000000 00000000 01100011 00000000 00000000
00000000 00001001 00000000 00000000 00000000 00001000
00000000 00000000 00000000 00000111 00000000 00000000
00000000 00000101 11111111 11111111 11111111 11111111
11111111 11111111 11111111 11111111                  
